kinematics:
  shoulder:
    x: 0
    y: 0
    z: 0.1811426080145051
    roll: -0
    pitch: 0
    yaw: -2.280026610736305e-07
  upper_arm:
    x: -0.0001285981461230382
    y: 0
    z: 0
    roll: 1.571705265943126
    pitch: 0
    yaw: 7.990202052764036e-06
  forearm:
    x: -0.6123258514972497
    y: 0
    z: 0
    roll: 3.139222925301937
    pitch: 3.139973485730691
    yaw: -3.141592085165984
  wrist_1:
    x: -0.571548166945323
    y: 0.0002132276572599169
    z: 0.1746475870228656
    roll: 3.140371751801518
    pitch: -3.140497390478063
    yaw: 3.141585148169153
  wrist_2:
    x: 9.66511560702543e-05
    y: -0.1198834552238233
    z: 0.000115477296840994
    roll: 1.569833080774748
    pitch: 0
    yaw: -4.164737846562571e-06
  wrist_3:
    x: -6.034283421884514e-05
    y: 0.1157119480600576
    z: 0.0001594988808690052
    roll: 1.572174739158753
    pitch: 3.141592653589793
    yaw: 3.141592511271201
  hash: calib_11253309671827546908